country_center:
  latitude: 23.424076
  longitude: 53.847816
  zoom: 7
