country_center:
  latitude: 25.0750853
  longitude: 54.9475543
  zoom: 7
