country_center:
  latitude: 24.7249316
  longitude: 46.5423362
  zoom: 7
