country_center:
  latitude: 23.885942
  longitude: 45.079163
  zoom: 7
