country_center:
  latitude: 26.820553
  longitude: 30.802498
  zoom: 7
