country_center:
  latitude: 29.9571378
  longitude: 30.9476706
  zoom: 7
