country_center:
  latitude: 29.3760836
  longitude: 47.973112
