country_center:
  latitude: 25.283943
  longitude: 51.3719108
  zoom: 7
